500
57
3
36
97
104
99
8
2
97
95
93
58
99
90
6
40
71
48
40
71
79
18
93
86
60
83
87
44
31
32
36
12
102
77
72
5
101
84
37
36
84
29
66
53
75
91
29
44
3
86
91
28
97
59
42
35
105
78
67
26
3
47
67
47
53
8
65
35
52
68
43
75
36
89
4
85
1
57
75
84
25
98
9
74
96
1
89
106
74
55
1
21
52
61
2
52
16
8
75
20
76
84
73
36
104
79
12
10
98
15
6
84
45
11
105
8
20
24
77
18
14
72
9
10
78
58
82
80
25
90
104
72
5
83
42
45
77
64
94
77
101
4
60
48
37
22
2
85
83
99
66
33
4
24
30
9
35
23
94
27
40
31
87
6
11
71
102
32
73
90
5
69
83
5
97
26
87
59
18
93
59
97
35
52
84
15
5
98
96
87
99
50
38
59
57
78
51
42
100
68
75
17
9
31
54
11
26
19
40
84
61
71
39
27
93
45
88
61
26
52
72
41
26
80
53
43
36
17
16
103
36
16
73
86
55
68
28
78
42
7
48
51
52
18
86
55
16
94
97
11
53
91
20
17
3
28
15
69
63
86
68
32
16
107
27
20
65
103
49
25
5
93
55
65
1
1
23
34
58
76
106
4
103
77
54
95
28
65
85
80
4
30
89
78
84
77
11
79
44
33
60
4
24
30
13
103
95
25
66
2
44
94
50
42
107
37
93
25
30
22
8
53
75
107
2
107
27
85
1
85
50
8
31
96
9
96
104
54
47
78
2
31
44
76
2
1
18
73
67
99
87
23
106
71
13
38
47
43
10
60
61
53
104
65
59
68
36
65
35
60
58
85
77
80
7
63
46
64
105
19
91
18
56
84
31
21
51
106
67
106
77
10
107
103
60
100
21
45
83
73
30
19
72
74
16
68
107
69
8
75
17
84
28
25
27
50
31
14
106
84
84
51
8
103
74
78
105
70
47
107
88
67
36
47
52
18
74
72
54
61
27
106
28
32
81
32
41
60
47
31
10
31
30
61
98
83
59
40
11
3
65
78
23
84
63
49
7
78
50
64
49
48
11
71
14
85
47
101
62
22
104
54
92
53
3
8
2
52
32
35
95
73
32
77
59
12
49
12
64
85
