5000
12
68
48
50
73
56
82
81
38
82
9
55
69
51
18
3
51
87
68
73
79
89
19
4
15
34
85
107
93
10
85
22
43
16
18
36
93
23
28
88
94
17
43
22
27
42
37
12
21
56
50
99
98
11
34
42
57
4
38
56
12
78
40
5
33
26
7
22
88
3
2
100
85
66
33
29
52
67
101
47
80
72
54
53
95
99
48
30
68
25
77
70
95
11
27
11
14
54
7
57
32
25
1
49
23
106
93
8
34
17
84
88
2
36
44
99
30
56
23
38
95
104
35
89
3
79
105
37
102
107
49
48
16
67
64
69
37
29
6
103
97
100
54
44
35
44
72
99
73
24
1
100
21
41
87
55
70
31
14
50
105
40
80
66
65
5
72
32
18
50
58
85
14
14
89
94
29
86
16
19
25
77
48
21
87
42
79
42
95
63
54
72
32
72
96
56
103
31
71
6
105
93
48
33
38
51
61
3
9
105
51
47
37
102
57
48
103
81
74
78
4
42
99
61
99
71
51
58
47
24
63
35
7
90
41
63
49
26
53
100
3
61
101
91
72
97
103
17
8
96
98
6
95
84
103
76
47
17
78
66
38
83
99
16
20
48
2
65
39
96
63
33
63
69
103
81
27
29
51
61
100
81
105
102
47
79
48
72
15
10
47
98
94
56
82
57
54
13
57
60
65
39
13
4
101
38
25
53
52
26
27
7
84
64
30
22
15
69
48
52
12
35
16
27
106
19
96
1
15
10
66
94
16
21
61
17
33
58
47
61
69
6
60
1
14
67
87
15
92
69
81
92
46
85
15
57
88
75
43
97
3
51
75
99
61
71
64
46
74
14
11
98
20
40
83
34
36
51
20
6
79
86
18
20
61
10
79
105
66
106
18
39
6
80
48
102
18
68
58
93
100
24
48
37
53
15
77
96
11
76
71
39
87
68
77
42
96
25
1
17
39
66
71
56
74
12
96
39
9
88
52
17
34
8
75
83
76
63
85
73
106
65
79
18
41
75
72
40
54
20
4
80
52
22
12
63
54
26
101
73
55
1
64
79
19
101
85
65
67
78
77
91
90
103
25
86
24
16
14
82
78
41
98
42
72
94
22
79
73
1
82
96
6
19
61
53
96
42
48
18
47
77
85
72
70
59
106
4
17
54
100
22
77
90
96
94
90
97
32
47
67
89
62
97
89
102
19
99
2
11
56
66
49
6
68
48
57
64
11
87
76
27
72
81
92
82
74
30
77
17
44
26
36
51
26
101
107
34
105
106
73
48
47
40
3
21
39
82
13
43
79
73
60
52
26
70
64
12
66
33
89
40
17
67
58
99
60
105
27
67
45
99
23
20
60
69
23
80
52
16
73
78
52
23
69
47
65
62
106
99
6
86
2
7
20
82
66
67
91
31
30
4
11
11
96
45
19
79
26
25
1
64
76
72
42
33
30
37
54
93
80
18
25
20
58
89
47
61
74
13
5
76
47
60
17
70
44
77
92
54
64
105
13
30
82
81
99
7
83
96
56
63
45
57
63
30
96
56
31
87
85
64
64
28
22
103
96
89
40
55
97
89
40
33
64
45
85
36
74
73
13
9
63
85
39
44
5
62
76
90
6
13
17
102
93
66
98
92
42
66
81
56
76
72
45
21
30
15
52
57
58
33
25
95
98
38
2
88
24
72
67
11
77
105
105
67
21
81
73
96
3
98
93
65
89
68
4
17
62
16
46
29
87
66
76
40
93
76
26
105
75
77
20
60
63
87
4
83
96
91
39
89
76
93
37
73
50
59
93
51
16
1
25
15
39
75
16
61
92
27
53
17
13
36
32
15
94
90
68
55
80
69
5
75
20
1
14
73
76
89
72
7
100
98
7
73
79
99
1
98
80
48
6
30
6
6
38
75
98
42
21
54
9
12
13
73
72
29
18
8
57
31
64
90
86
46
13
61
88
16
44
56
103
47
85
72
80
69
79
15
106
21
1
29
8
52
31
96
83
6
89
4
8
39
16
84
17
72
53
15
86
51
58
80
107
65
43
96
102
1
59
73
48
64
88
35
15
106
46
65
22
29
79
22
62
42
51
45
9
65
87
1
18
49
5
32
20
103
81
84
29
95
74
99
58
69
84
7
104
60
81
45
25
1
1
86
21
87
57
28
1
1
71
13
69
90
47
17
103
63
41
47
86
35
56
9
100
97
31
100
5
58
9
52
43
24
42
24
67
66
70
5
5
12
96
63
45
20
48
70
59
92
48
100
63
2
31
11
1
97
33
48
47
5
35
6
56
46
47
66
7
60
44
103
16
12
65
83
5
80
94
4
106
90
81
46
21
20
23
95
32
14
1
11
46
36
66
45
47
27
27
59
13
37
77
79
50
10
46
5
18
106
2
106
59
1
38
84
58
85
10
28
41
47
78
84
88
46
70
26
70
60
82
14
35
73
5
82
61
98
54
80
104
75
99
37
40
56
14
104
50
26
16
73
87
107
32
74
28
3
89
6
32
12
17
56
82
25
66
18
10
78
31
23
84
47
13
26
48
101
69
11
64
91
76
74
12
105
61
52
82
75
31
63
65
38
96
47
77
44
103
55
12
87
85
47
86
55
18
29
59
52
61
29
31
73
16
75
31
17
64
1
51
13
38
72
87
83
91
64
60
104
48
51
55
54
41
93
28
19
28
54
51
73
96
107
68
1
38
20
56
41
79
23
52
38
87
107
39
21
68
20
90
79
95
75
51
12
87
67
98
82
15
100
68
75
21
53
78
68
22
8
106
22
85
13
53
99
17
75
58
91
26
3
40
13
16
86
49
4
6
26
55
19
93
9
19
20
107
51
13
11
54
106
91
52
67
60
51
88
66
90
55
46
63
1
59
29
64
55
82
89
72
50
78
76
39
16
35
2
92
72
75
86
46
67
26
82
64
83
13
47
104
66
94
102
67
62
92
93
41
72
91
29
95
61
26
96
104
101
69
73
73
87
66
67
73
46
54
73
63
93
76
33
62
5
90
44
48
96
21
63
5
2
86
23
32
68
20
78
79
42
6
43
100
35
11
29
28
96
13
33
103
70
87
11
65
104
4
1
37
25
14
1
27
18
26
24
73
88
101
78
74
9
82
46
35
40
14
63
91
62
10
79
4
67
74
69
14
94
45
79
73
67
45
57
92
43
27
95
13
2
82
61
15
91
53
49
22
75
75
77
80
59
21
68
36
47
7
101
41
32
68
10
107
70
80
82
63
101
88
37
97
17
58
78
99
96
4
54
75
95
105
42
7
80
71
20
24
92
30
14
51
9
45
62
2
10
52
70
19
12
84
34
68
63
63
22
58
5
12
73
70
70
68
80
21
70
100
43
46
60
75
71
30
55
70
81
16
39
89
101
37
86
74
86
86
43
106
107
106
62
4
56
105
2
21
29
97
64
42
66
64
76
82
105
6
88
91
107
60
24
35
8
103
95
63
18
5
103
106
17
18
10
41
73
48
43
83
48
105
23
10
52
75
6
66
95
103
47
26
74
35
3
75
37
67
10
83
43
1
58
85
7
39
62
27
84
12
96
32
31
80
52
88
92
69
1
45
83
1
103
6
53
90
95
96
41
104
9
32
34
22
24
49
56
12
45
47
15
45
81
4
95
84
52
53
74
19
75
79
26
5
21
39
85
72
90
107
105
41
83
25
99
16
69
15
32
90
80
68
65
87
55
50
31
53
59
70
51
29
2
32
51
6
13
25
76
32
5
27
19
94
21
33
80
34
13
55
27
17
59
23
60
16
55
13
24
78
28
28
92
33
62
39
45
38
70
78
85
18
73
101
81
16
87
5
4
1
10
28
31
37
60
19
9
101
72
13
56
17
23
106
60
8
10
101
74
56
89
10
28
44
80
28
21
56
14
47
82
48
45
79
98
50
52
1
57
75
26
107
8
15
74
56
66
104
74
101
86
60
72
80
95
36
53
48
19
37
34
48
92
21
41
10
39
24
74
28
14
93
19
80
62
1
89
53
50
34
41
47
90
103
27
59
9
47
51
35
2
34
25
102
33
34
36
90
78
29
45
7
69
95
74
30
67
5
19
2
106
22
23
64
33
86
44
10
93
29
1
59
46
27
32
34
80
14
1
71
42
53
48
42
65
86
54
13
15
38
6
94
25
77
30
26
70
17
17
87
1
27
44
91
95
3
107
4
105
22
34
107
9
9
46
31
3
24
61
81
71
26
20
71
104
23
17
104
32
103
12
16
65
71
33
69
42
76
96
81
98
94
87
102
69
101
27
94
50
32
98
47
15
9
103
100
77
75
48
67
84
51
51
94
89
53
4
21
44
35
3
8
69
36
2
8
57
60
72
39
22
54
45
83
77
61
68
61
2
96
1
75
49
5
39
26
10
34
70
81
22
74
24
90
62
98
4
58
13
20
12
46
19
102
73
91
96
6
41
14
81
68
1
82
98
42
85
18
67
63
31
39
18
62
91
15
28
3
62
75
68
16
63
58
25
23
14
55
81
46
12
75
9
40
5
19
92
102
75
77
93
35
39
87
9
91
64
80
51
20
29
77
19
95
80
49
97
89
75
106
90
53
92
51
71
72
20
43
95
38
52
70
98
99
56
45
58
11
39
42
58
102
50
30
78
70
30
104
12
58
95
95
103
64
86
28
86
50
75
36
25
29
6
47
58
98
58
80
100
83
105
22
56
74
96
37
78
46
24
9
98
92
61
57
71
13
81
95
19
15
65
41
85
57
60
24
8
80
53
46
97
105
68
59
46
14
60
88
95
80
91
7
97
103
79
59
49
25
62
103
92
51
81
47
18
96
13
77
56
53
94
36
24
100
105
70
22
4
45
8
85
84
99
80
89
107
58
60
45
76
17
37
4
51
2
25
62
46
17
86
103
37
25
98
82
23
62
98
84
1
101
94
24
44
20
11
17
34
94
65
19
44
60
15
41
28
3
60
53
56
106
77
17
60
98
13
91
65
58
80
53
99
41
81
5
14
97
32
48
96
53
91
43
71
78
82
47
47
95
64
103
8
29
66
91
63
42
66
39
81
38
51
1
98
47
38
92
66
48
7
41
106
96
54
38
102
15
85
78
104
19
34
62
79
6
92
4
76
46
81
45
63
41
22
1
36
30
33
15
80
31
9
98
12
84
43
91
44
106
72
6
4
51
22
102
31
32
56
4
15
88
2
33
7
38
2
46
93
93
41
34
18
1
1
59
72
44
101
4
60
17
3
90
74
55
84
72
83
52
97
54
74
81
3
34
104
53
58
81
77
23
58
28
99
49
79
100
68
18
74
68
84
49
39
22
89
56
40
88
104
106
30
87
10
49
49
72
84
24
95
11
3
5
9
26
91
45
47
60
106
36
73
35
26
87
28
75
28
45
42
85
33
67
15
63
53
32
82
77
47
33
73
22
96
107
81
9
87
90
40
19
42
40
105
59
101
26
77
85
58
22
49
34
48
38
62
75
78
33
69
56
3
106
91
1
93
86
1
2
52
48
87
99
36
5
55
89
28
53
104
49
37
73
56
100
95
4
76
4
26
13
8
24
39
40
73
91
7
68
88
10
38
10
104
37
68
14
68
57
31
94
13
101
39
18
6
20
45
6
29
57
35
5
40
98
16
22
104
50
43
40
21
5
107
71
89
38
42
81
20
85
40
54
57
66
14
55
31
83
79
87
11
35
11
40
85
73
26
87
42
33
96
65
60
44
65
13
76
1
88
57
54
58
54
91
14
105
27
9
49
101
36
78
2
22
28
12
19
48
17
29
63
50
94
2
70
86
13
39
97
73
60
95
54
78
47
82
20
72
76
63
22
64
78
1
17
53
101
29
19
78
53
46
2
24
41
75
87
88
33
79
62
12
45
83
3
29
44
83
61
19
49
9
33
106
21
34
79
85
36
74
24
72
107
80
10
12
85
36
70
104
57
81
92
33
93
12
57
53
90
50
2
70
38
55
25
98
2
83
100
83
8
65
27
9
79
37
43
34
64
71
57
73
54
103
67
29
73
19
105
72
88
66
9
50
54
33
17
51
69
77
30
82
46
33
73
22
41
83
24
37
68
45
44
85
73
78
7
17
40
26
13
102
72
9
1
69
69
36
47
92
82
37
3
66
59
94
89
36
60
18
50
91
30
11
76
32
17
34
83
83
61
52
60
11
71
62
6
38
103
106
72
89
78
55
104
98
42
49
37
94
72
105
41
31
77
1
105
105
26
10
67
60
83
97
48
70
20
27
9
37
18
89
94
42
5
51
54
85
100
82
93
35
43
91
82
34
48
63
89
69
30
20
24
30
44
24
95
99
13
85
29
103
28
82
101
94
59
3
37
10
3
9
48
30
5
64
67
3
84
59
59
72
55
94
43
77
106
18
12
53
23
30
72
46
55
4
65
10
92
9
63
34
102
22
57
72
106
85
60
6
31
67
98
84
67
62
102
99
11
53
75
87
75
78
106
105
90
19
49
68
98
15
33
27
41
42
6
51
76
56
17
7
43
51
90
82
8
8
92
30
53
57
102
82
83
96
78
60
56
27
60
62
93
65
49
25
35
1
69
75
36
82
70
34
107
30
75
51
45
20
33
40
33
56
79
87
77
17
34
68
39
93
38
31
71
93
80
39
94
13
93
81
51
1
33
35
49
67
37
63
104
47
21
14
2
106
48
1
48
25
61
46
68
73
45
1
34
56
21
40
6
63
107
27
55
47
64
76
107
103
56
14
41
60
18
1
1
87
24
10
37
30
89
17
49
30
95
58
77
106
94
33
96
45
89
93
62
93
63
9
72
91
15
87
31
43
10
53
49
69
54
96
96
19
102
74
43
30
66
67
99
94
14
63
90
4
77
47
47
78
70
107
91
80
69
104
3
40
104
28
9
79
20
41
1
2
69
3
80
52
28
13
87
102
93
76
96
73
103
40
101
85
43
82
95
36
13
26
57
35
96
85
52
9
74
62
28
30
16
22
32
48
61
48
95
73
6
68
104
103
15
36
39
84
86
82
76
58
90
28
27
65
3
69
3
33
66
19
4
53
65
96
1
3
53
81
96
59
89
56
92
84
15
58
27
23
16
103
68
49
52
85
17
18
69
41
18
82
106
102
13
4
15
63
95
41
53
35
49
42
92
28
29
16
55
101
4
91
66
56
13
23
87
27
46
76
23
96
46
54
95
99
18
53
82
38
64
23
6
107
58
86
82
6
84
42
39
46
103
32
18
1
30
44
34
53
9
31
31
18
79
27
86
38
56
33
25
42
62
56
103
29
55
32
46
62
72
91
27
42
57
73
34
58
75
85
12
92
35
49
58
86
102
26
72
57
30
71
19
7
51
46
66
81
73
11
3
99
51
98
79
9
11
106
58
10
63
35
14
6
85
107
55
81
26
104
57
5
11
26
17
11
69
45
75
6
107
76
80
51
8
59
39
9
42
78
29
15
53
19
77
54
38
14
29
99
46
95
24
33
94
7
72
95
43
89
10
17
71
94
90
49
85
5
8
31
10
68
51
96
28
107
11
44
61
27
38
86
18
76
45
47
79
102
5
33
91
87
84
5
30
36
45
56
46
58
1
73
80
41
90
96
4
76
54
81
4
38
64
33
51
71
62
40
46
80
16
82
98
42
35
107
78
98
62
55
77
17
44
51
52
100
26
4
2
42
41
85
54
23
40
49
76
95
54
105
93
73
3
50
50
34
42
3
104
102
93
102
9
80
17
4
95
50
67
5
103
85
9
22
90
100
81
20
26
1
34
9
24
98
8
34
30
1
23
80
17
27
106
16
81
75
28
35
12
66
3
89
37
40
79
20
85
3
22
30
65
31
83
66
91
19
1
63
66
9
73
29
82
4
42
60
96
16
24
82
75
33
72
78
39
83
6
83
5
72
40
55
60
49
63
56
92
10
27
83
89
71
76
52
29
29
58
15
97
59
83
60
82
54
34
64
15
15
11
102
66
66
40
14
104
83
30
99
64
100
52
54
24
46
84
50
31
19
79
89
88
14
95
12
106
96
51
79
60
38
43
65
103
51
40
32
87
100
52
76
57
104
96
32
11
65
36
57
86
5
50
104
50
72
44
92
100
44
3
74
40
15
54
36
47
3
31
68
40
95
1
64
68
6
6
37
62
39
4
69
52
90
26
42
45
4
90
96
13
98
61
41
91
10
49
15
52
25
7
54
6
91
31
50
51
70
99
65
17
48
78
69
22
81
69
58
17
33
62
66
98
33
19
74
83
57
3
17
47
69
94
80
19
11
91
41
48
10
48
87
3
40
75
57
3
60
81
29
31
102
85
23
92
1
98
48
22
94
51
28
37
54
77
97
8
93
63
6
47
1
57
17
91
34
84
16
18
18
69
27
25
8
19
105
14
52
25
105
95
14
73
38
85
24
53
49
72
74
33
9
34
61
71
96
89
103
89
71
86
62
57
94
32
14
87
51
56
98
50
86
32
7
59
1
97
51
51
87
82
53
16
78
22
63
104
107
20
30
89
60
22
43
66
21
17
105
105
26
44
22
40
87
91
46
21
3
99
2
71
8
103
16
100
95
70
31
98
43
80
30
83
25
84
20
1
50
1
106
25
34
45
101
90
87
40
87
70
94
90
82
35
6
107
40
23
25
68
88
61
22
97
39
58
11
101
83
11
73
88
14
74
71
78
61
3
5
10
63
89
102
47
12
89
32
48
46
2
5
62
49
47
88
90
61
80
4
83
56
39
30
56
54
6
74
62
97
33
33
93
10
83
44
48
50
36
44
78
14
47
27
64
18
34
102
106
18
64
77
46
37
71
81
83
78
82
99
59
93
11
41
60
19
106
72
63
55
91
31
90
83
34
74
35
97
8
69
88
73
86
20
41
32
100
8
58
95
67
61
31
76
84
41
89
83
52
105
36
47
57
85
25
1
39
47
59
22
29
8
81
9
35
24
34
64
78
63
13
17
29
30
69
62
87
42
106
76
93
102
59
103
70
41
34
21
74
41
4
79
65
71
90
82
83
45
21
23
18
15
86
94
75
72
94
81
46
6
42
88
55
16
5
32
56
39
26
30
93
83
47
95
45
102
30
4
24
44
18
69
29
49
63
65
102
44
5
38
107
83
95
47
59
46
102
61
27
91
62
61
78
94
80
5
53
92
74
55
40
84
105
19
67
13
28
107
16
80
87
88
74
44
93
97
60
19
9
85
50
107
69
85
45
84
84
51
45
37
46
61
80
69
83
97
21
70
106
13
47
45
71
72
9
8
22
61
103
20
89
12
32
54
88
47
24
14
101
98
83
24
47
22
18
86
99
46
12
30
82
103
62
51
18
15
68
107
81
85
67
35
101
80
43
82
72
82
5
83
85
83
30
11
9
6
74
52
72
68
71
73
5
67
16
100
86
73
37
61
21
76
81
8
53
16
38
40
18
92
100
11
89
94
102
96
87
5
40
71
94
19
21
13
3
62
86
40
93
31
53
30
68
34
77
16
33
1
8
51
100
99
22
46
28
29
21
11
90
92
69
103
101
83
95
1
101
89
24
19
5
88
17
52
100
1
29
14
7
49
50
13
89
32
48
12
103
91
31
73
20
75
31
46
68
90
52
62
96
25
6
17
99
29
46
2
69
59
95
44
73
62
11
86
80
67
39
68
10
81
1
43
82
69
3
61
86
66
88
103
24
35
10
54
69
102
45
75
63
66
9
55
26
15
82
30
79
14
63
24
77
104
43
102
59
84
63
48
64
94
7
61
73
69
94
80
52
39
43
32
41
16
12
53
68
21
69
47
50
90
3
7
88
99
102
37
57
97
9
62
86
100
6
16
53
31
76
62
6
1
73
103
106
27
20
44
31
34
32
74
53
52
60
1
106
94
72
26
5
12
19
102
28
6
74
89
89
107
70
41
86
52
37
16
39
9
39
37
66
89
1
79
33
19
61
49
106
65
25
86
81
103
38
60
65
79
66
7
10
48
87
4
62
12
30
4
66
70
24
35
73
74
2
17
62
2
66
22
50
91
72
56
106
4
61
32
60
33
23
85
73
59
72
26
1
14
16
75
87
31
71
33
10
19
45
14
74
41
8
33
54
69
90
44
74
59
81
97
63
79
70
44
40
90
44
41
22
23
93
93
8
106
68
67
63
59
13
26
33
72
22
104
28
83
83
3
44
105
62
88
71
89
90
29
83
14
43
49
88
80
17
59
10
35
58
49
22
37
20
21
55
97
91
22
74
88
23
64
77
68
61
66
77
39
2
90
6
45
76
26
19
62
20
89
71
86
49
23
64
17
26
68
35
88
36
60
90
69
24
13
68
43
54
54
50
106
40
42
13
45
44
95
89
100
9
41
65
94
72
93
46
19
44
94
8
96
80
62
47
41
13
35
60
64
4
93
37
80
34
46
32
86
1
84
14
95
21
105
23
30
59
79
8
6
69
97
30
68
106
65
50
1
107
16
90
60
67
39
96
8
75
38
55
81
19
26
70
105
100
45
63
5
42
106
30
38
32
4
68
94
4
93
93
88
16
20
11
7
9
14
29
97
5
50
98
6
87
55
92
39
25
67
83
85
33
68
47
106
19
103
47
26
82
70
80
36
2
102
70
98
102
92
38
1
37
17
45
63
30
90
92
16
91
60
86
18
104
86
1
2
70
99
7
55
28
86
51
49
68
44
94
36
31
18
10
15
63
100
82
100
69
78
41
70
106
91
85
48
52
11
4
96
2
6
45
25
14
29
75
22
38
83
99
5
105
59
76
69
101
10
3
23
30
63
39
7
43
68
63
56
22
45
27
7
99
41
56
96
81
47
54
33
103
56
64
19
70
74
9
93
92
40
19
10
107
42
88
98
80
6
72
46
41
51
59
9
33
39
20
106
20
33
91
87
36
83
77
107
47
107
23
25
65
23
61
41
15
23
28
39
68
87
50
83
7
95
101
7
17
62
89
14
64
87
61
99
8
59
77
6
24
28
12
69
89
1
64
20
9
88
1
1
98
11
75
26
67
87
42
20
36
4
23
49
90
71
31
44
94
75
47
40
81
51
1
47
5
67
60
78
34
25
96
17
72
80
29
38
27
33
101
51
58
47
95
91
31
64
68
25
36
40
96
72
45
4
5
52
27
42
85
84
21
80
26
33
46
33
8
73
62
91
39
6
53
66
58
79
66
17
45
10
11
29
25
63
81
27
54
74
69
19
86
42
57
73
40
23
87
58
9
53
7
14
25
37
16
80
96
79
97
12
10
27
104
77
85
22
58
7
42
26
107
58
76
52
38
71
12
1
60
97
107
24
74
66
8
16
104
71
35
81
38
35
16
97
105
14
