1000
1
86
85
2
62
10
36
88
88
72
51
86
14
97
5
62
78
23
60
58
25
101
10
62
95
24
95
47
104
67
28
98
104
101
43
46
97
84
32
90
92
82
40
1
30
103
39
45
92
99
49
54
5
16
40
105
19
80
61
75
35
56
5
43
40
17
73
47
101
86
39
90
83
66
83
9
76
89
51
25
107
50
59
20
92
61
93
2
91
10
95
45
36
65
12
61
3
25
90
74
62
70
23
76
11
28
39
73
19
94
69
102
18
87
61
69
56
88
6
107
4
17
1
61
14
7
49
105
84
35
57
40
88
72
81
19
25
1
98
7
12
85
91
52
44
5
1
90
47
89
18
4
81
47
22
103
11
1
38
87
15
7
36
80
99
28
69
50
54
4
100
67
13
70
52
4
24
36
83
75
68
7
8
40
103
86
48
43
44
99
95
64
4
101
63
1
76
19
88
107
56
11
82
43
82
50
8
12
78
98
73
19
12
35
34
64
32
74
85
1
40
97
4
53
85
6
61
99
13
15
100
71
81
72
36
89
78
68
83
97
19
61
76
59
9
25
104
98
29
64
28
60
98
77
8
54
54
6
76
47
75
12
42
89
106
22
41
50
7
60
22
23
9
88
68
68
84
59
41
104
105
32
26
90
106
3
72
58
15
95
102
31
24
56
80
52
8
5
11
100
39
56
13
69
23
90
51
33
17
73
67
5
29
59
44
30
28
16
27
72
25
92
40
101
83
12
2
26
81
66
52
42
49
56
101
45
33
28
75
70
5
66
76
84
31
35
24
27
43
100
32
83
42
39
76
55
107
38
39
75
18
33
3
28
83
98
13
92
27
102
56
68
71
103
107
86
36
65
45
104
30
25
8
102
57
38
64
32
26
26
10
79
2
37
102
26
25
12
49
37
83
11
12
23
67
58
68
17
4
91
83
13
39
86
6
58
28
6
95
13
15
99
56
44
62
71
40
63
73
84
94
31
3
90
19
96
66
61
58
47
45
41
63
74
40
69
40
28
89
13
49
10
83
100
100
29
24
91
36
98
99
19
76
54
93
9
66
19
107
63
38
95
55
103
84
63
17
16
7
2
81
82
56
72
94
18
73
78
40
55
59
77
22
26
41
7
40
77
38
5
102
71
24
77
59
83
37
92
35
33
40
58
44
14
92
104
17
46
53
66
104
64
74
52
95
23
53
77
11
97
55
78
57
11
58
13
104
12
14
49
85
12
41
107
56
15
72
63
76
100
64
68
85
69
55
37
31
102
64
70
52
77
13
58
18
103
90
31
76
55
28
54
98
77
79
71
1
47
22
77
23
2
98
63
80
105
20
29
71
56
90
1
34
73
43
107
104
65
72
44
71
87
47
105
20
60
75
42
4
54
90
89
25
48
25
19
49
27
100
11
3
8
64
5
99
25
38
32
91
23
21
55
13
25
19
43
3
11
42
15
48
28
39
75
63
76
57
67
13
10
40
71
51
82
44
58
76
85
92
107
84
25
86
1
96
51
107
32
106
36
19
105
31
21
106
2
45
58
30
104
81
59
87
89
22
12
70
1
93
64
104
82
31
48
43
93
8
106
75
39
28
26
71
55
101
28
15
82
100
60
37
53
19
102
46
4
72
39
39
39
8
9
89
39
43
47
5
69
65
75
40
52
1
23
105
89
80
93
58
28
77
48
51
83
83
47
80
90
83
106
77
8
85
16
59
85
35
25
1
88
17
71
63
66
19
103
90
9
84
34
96
24
99
94
79
41
38
81
42
55
60
46
23
30
35
83
24
106
74
36
41
13
34
1
97
1
80
1
52
107
46
51
76
51
99
33
16
95
58
65
9
45
91
9
61
22
40
29
27
1
22
56
101
32
93
35
55
7
1
39
75
106
5
10
32
21
105
45
73
17
35
37
44
16
4
79
45
42
74
17
19
26
22
23
25
58
80
89
80
42
78
13
73
1
58
9
6
51
63
74
89
35
79
85
34
12
78
56
16
65
12
24
101
14
96
48
81
83
91
103
68
88
22
104
96
64
103
69
57
87
1
42
3
48
51
32
44
6
17
29
85
26
42
26
78
103
26
81
87
48
20
9
63
67
28
81
49
101
66
105
24
81
68
4
64
37
45
92
21
51
50
44
6
3
62
76
40
82
18
35
104
70
14
34
3
1
43
106
104
36
71
50
8
12
99
33
27
107
76
71
84
58
95
69
15
103
80
48
1
24
26
95
66
92
92
27
63
71
63
82
106
106
94
97
6
93
8
17
94
60
