2052
976
2825 2885
9063 9680
2710 8193
8186 81
4305 7830
2259 8409
7777 2923
5493 6553
5529 6162
6863 9170
2328 968
9427 6568
6280 128
1971 9548
3532 7002
1702 8724
9891 452
492 3501
311 8410
8730 2750
4726 2349
7760 1212
6158 8170
2340 4770
8989 7070
8676 8786
4067 1134
583 5913
3248 6286
3262 1571
615 8629
6157 309
9970 7404
2778 28
7470 8849
3319 7392
801 9544
3064 117
5155 2549
6031 585
6338 9222
8396 114
9882 654
1913 6465
1779 7178
6924 6291
7324 952
7865 490
5692 3834
3986 8684
680 5490
345 1045
1443 840
7871 1057
6641 2421
9145 8150
1519 837
9658 8494
5947 7510
5396 2270
8644 5653
1917 6730
5790 1841
5295 7708
1464 7088
1819 4502
1282 4605
9420 571
740 6728
5124 6770
137 9964
6772 9424
2546 7393
5886 1330
4996 3098
926 6907
2128 5588
2938 761
6385 7474
9399 4504
124 7241
6120 2106
876 2206
753 976
5922 8014
4204 6313
3935 282
31 840
6485 2997
9579 8743
3679 2724
5576 3769
6958 4641
8595 1173
8276 3757
1050 1310
6304 3987
4572 2394
4121 8849
8770 6354
7092 6020
9412 305
6527 6977
1327 753
5685 3836
2553 4113
7064 5893
7687 5993
3680 792
4157 1486
1760 810
7019 9521
3094 1006
8502 6432
9227 7316
130 4281
6555 21
1549 6010
4574 8228
7688 1598
8814 5705
9305 581
2306 2218
7193 3344
9536 8026
3945 5558
1135 8787
2011 5222
5599 8755
1689 5033
4308 4403
3728 3306
4410 7628
8777 9318
9510 8409
4017 6294
937 2247
94 3644
5987 8772
8131 5202
8502 6226
1629 7452
4104 8371
9975 3536
1019 1549
4932 2011
9239 5135
1467 846
1669 6267
252 9659
8615 3478
5840 7293
6127 7356
8017 7414
3068 7231
440 6433
5232 5172
9541 2471
6884 6688
653 4126
9861 7547
7028 675
2063 1919
5273 9523
1809 370
752 8217
4624 4521
9254 5163
1184 792
2288 918
6151 3372
7720 9430
6099 4218
4095 8096
5371 4117
9361 9373
2273 6083
3837 1685
5050 3078
6631 234
5971 2455
9423 3867
7949 8074
1483 1213
6593 8552
2992 7876
7151 2732
4284 3020
8782 7133
1320 6875
1622 7169
9476 7652
2559 6044
186 7741
4525 2684
4972 8395
2288 4727
9286 9367
550 3155
9518 4545
5280 1033
5086 9464
8566 6386
2865 7324
9379 5495
2845 4334
9433 524
374 5686
8449 7492
9363 4951
4158 5891
4611 435
1829 2919
3242 8471
2750 8367
1526 8244
9124 4911
4000 4864
4168 6314
3343 9497
3484 5999
4819 1094
6454 6426
5997 3201
2905 1369
6678 8131
9778 4098
2215 8960
9946 7407
1471 1373
5214 3720
357 5167
5715 4145
6022 5459
9166 6004
7045 5978
6329 8465
9109 2401
7132 4426
1242 9476
2231 6761
3645 3252
5181 6074
9173 9920
8515 6056
6859 3161
1111 8409
8424 2883
4741 2292
6056 4918
4009 6623
1641 4625
9161 976
9144 6130
4435 9756
6689 4660
620 3368
9240 6670
96 8291
6245 5402
5828 3590
4901 3750
607 1577
9055 7936
5290 9999
6169 935
7919 5947
7735 9988
3660 7105
7565 6108
7936 7258
8089 715
7205 2097
8829 2314
9546 682
9178 242
3666 6094
6195 4040
6553 8706
2122 3538
3049 4687
4260 4908
7290 407
8278 1202
2888 6744
1154 1427
5945 9995
129 2978
276 5490
3597 8168
2377 5583
1522 1278
8619 5704
6351 2946
4775 8786
2227 2715
1968 9769
2429 696
9357 6258
9441 634
341 9472
9698 1795
4855 8859
6595 3069
1952 9404
2295 471
5719 1347
3537 1753
6038 868
3613 4171
5442 7000
3633 5006
2906 8389
8333 6206
5844 8354
567 3740
6508 9639
1670 6129
2452 1167
6215 6700
3353 9591
5353 4921
7840 3482
1223 5348
7880 8417
4530 8002
6813 9087
4980 1507
5410 2786
5037 6834
5371 9085
8440 1004
3709 3231
9463 5024
9963 7723
5308 3795
327 6085
8655 4211
2840 1198
266 6233
866 2260
9681 566
240 3667
8966 1379
3829 5146
5934 137
4004 9920
8092 9432
6671 7069
8955 4001
6173 9767
5676 7585
4327 9954
9275 2037
5750 2874
7171 3341
7533 5358
7753 2060
8674 4416
4872 4042
8659 3098
8079 4533
5859 9318
9258 4335
9914 9621
7614 6331
4372 4589
8290 7916
5960 1976
3641 6727
1303 8223
7239 9309
6638 5243
8834 8988
6243 9906
2629 1412
3069 4954
7217 6619
4383 4804
7193 9863
6046 9470
3835 5268
6918 9234
5898 9104
6443 9863
4083 7085
9006 8643
7976 3923
9493 7236
2972 4279
7671 3799
5297 8536
9517 5797
3556 577
8132 9240
1202 2618
3968 1569
8853 7058
1837 242
5880 4867
5206 5780
666 7063
5329 8391
9765 3464
6326 7925
3455 5431
1843 9763
4606 7100
6947 3359
3633 5302
4124 3691
7243 1752
729 1731
7596 8684
8626 7720
7910 2951
8871 608
3333 9300
9714 1202
6778 6456
2783 6068
6731 4907
5455 6677
3331 6852
688 3351
4207 5667
7349 5650
6050 4892
2110 5937
3001 502
4404 86
9129 5576
2805 3078
9502 7235
3919 4120
9848 2205
8563 6560
4841 9774
6712 1215
6590 3570
6336 7293
4624 8277
8832 2339
6437 2041
3514 4306
9114 4136
64 2427
5527 460
9039 9089
1341 3027
4876 9363
1813 8268
4624 5658
5148 7428
8176 858
714 4411
3417 7757
3956 7751
1504 9549
510 8091
2298 6232
439 6629
3324 3029
999 3726
2017 7003
1557 9710
1878 6144
8510 5531
2785 4112
4807 7924
7314 7399
8405 1235
513 7844
9285 9732
9877 4172
3763 6901
137 6977
1389 7686
4619 3508
4794 8817
8555 6495
9807 5813
3663 7305
4333 8092
8745 3874
2896 1583
8860 9167
9680 2400
7450 307
998 74
9148 5707
8853 6904
7729 3521
2824 5771
6545 9408
907 7440
2247 8885
6647 3397
6684 3569
2859 6666
3153 8525
2975 864
3916 5248
6508 1332
7409 5663
1784 5318
1467 6083
3160 8296
1422 9881
5199 5181
8113 9408
6922 4255
2095 9730
6829 36
2165 1945
4545 1708
571 8356
1355 3463
6023 4682
5263 8208
817 6096
996 2698
1101 4861
3994 5695
3096 1637
6649 7707
6104 2746
254 6532
799 5185
1370 8961
2683 1170
6380 4549
2619 8903
4883 6577
5824 7315
1202 8439
3860 8807
5052 3455
2533 8195
4275 4889
4497 3411
3694 3412
4279 5031
9130 7070
3286 9625
1181 3468
3548 5909
9119 6471
7398 5
3733 6552
9871 8604
1992 7719
2907 522
2802 2320
9373 2338
5080 8621
4292 1725
1131 6355
4072 7595
1948 9355
489 2769
7866 8358
1802 2559
8765 3590
2326 232
94 6428
521 2242
1088 6205
697 2468
1242 8198
6997 3477
8460 8940
5282 5877
4508 391
7502 1289
116 1337
6990 2859
431 5957
6771 9163
5099 148
636 3347
3658 7415
2235 2035
7663 6017
5680 495
3378 593
1961 6373
2305 2886
864 480
7316 6079
5353 5210
2435 19
7201 6255
7830 6531
8810 2137
3318 4801
7591 2162
6477 7431
6667 6212
7523 1009
7927 5832
815 2723
408 8395
4411 1518
5639 1466
7704 2067
6211 1276
2748 786
3535 3104
5154 8125
1994 9799
2715 1840
5633 4297
7349 508
3108 5906
422 4054
1424 5124
766 9618
279 9221
3949 5764
4572 7252
8589 951
4840 799
3832 1604
7187 2374
3699 7641
3446 508
4636 4432
4056 720
8741 2413
8791 2693
7737 6002
4731 1219
4233 9116
5074 4813
3125 6416
8211 7692
9459 8984
3889 4414
1956 5440
7886 3862
8239 3960
3278 8429
3394 5309
6077 8623
770 3052
1772 550
6517 6503
8084 1596
2344 6536
8237 858
6704 7684
8432 3350
3924 3138
660 9567
5366 1221
340 8381
1275 6964
2070 734
9902 5143
402 6450
8792 3249
1964 7252
5475 4591
680 1994
6487 879
9557 5011
1685 8679
7180 3243
4969 2629
8661 6192
7767 1341
8136 2341
9973 9682
6720 6124
1238 5302
1535 5883
3028 5419
9167 6256
7565 9469
4912 1486
9379 9499
618 1005
8194 2764
9529 6114
2757 1627
6066 9542
315 782
3656 9085
1951 7261
1595 7086
6692 6534
6161 6569
3185 4236
8000 8941
3489 6299
1870 2113
2997 2660
964 4987
4887 7298
98 6257
8847 4433
1959 3905
8196 8555
3630 9596
5922 4281
6757 1005
483 5912
4911 53
4160 9960
9846 4650
1720 5093
8782 7632
6411 4842
1664 1267
7974 3883
5956 6577
4351 2499
9394 1492
6358 471
7259 345
8822 6154
2310 8956
3955 7436
4714 209
4302 2306
9892 996
6654 1448
8711 43
4414 287
7959 8863
9302 8385
682 2845
1565 95
857 5521
7134 5029
9866 3414
4714 9646
20 6223
425 9600
7278 3918
1574 9513
5623 2889
9265 915
9441 5594
2121 3934
182 6735
4447 2307
2820 9467
7044 2217
5767 8310
2114 567
8617 7479
9032 4865
405 7640
8986 9489
3901 8445
3402 7150
9444 1677
9117 7025
7764 2018
5969 9764
4 5243
2540 5551
6852 9464
8568 3596
3346 2496
2855 8175
2328 4028
6675 1100
9075 8964
9039 9402
4476 7891
3038 3422
3614 4724
2383 1627
9136 5265
2618 9064
976 9233
8158 9256
2729 1019
5 4850
5098 3303
6261 8671
7107 4740
9280 4748
9324 5167
5651 3009
1540 2173
8703 4083
6415 1588
4629 8179
1071 8108
7716 3657
2811 5744
5764 426
9511 7623
8325 9321
2359 6537
7155 7765
7120 2562
5264 3416
6248 4307
8971 5788
9591 5593
6433 3054
3776 5528
5753 5696
1140 2141
5644 5445
59 710
5474 4279
3290 1772
4974 797
3575 4087
9534 3197
8885 1308
5700 6506
7810 6518
8268 2539
7505 5187
7237 9135
26 2779
1726 4538
8159 7959
6884 6698
4306 8638
8731 8752
4945 2406
7501 30
1667 794
975 558
5666 9473
7098 4921
4306 7221
2409 5946
2800 792
2410 5200
5282 3520
981 6635
4937 4570
5205 8786
9173 6859
4626 6723
368 3473
8251 7803
7689 7903
8692 5593
3678 7419
679 9448
2717 129
6347 4882
8281 8114
8935 994
6039 2037
1163 1316
5946 2249
7817 6663
3557 7039
8375 1754
854 8939
1497 1034
4723 5015
4951 330
7995 6856
8220 4329
9152 9894
4446 3970
3128 9523
259 7170
8891 9319
1667 4875
5873 8073
6163 7047
8724 8957
4124 1127
9225 7876
6637 2117
8382 5423
2114 9460
5749 2382
80 9627
7543 5405
370 8575
5431 6842
9936 7681
3941 855
4669 1665
6081 976
2926 2593
5874 7773
4575 6550
6859 4168
7237 5709
8768 3567
4629 6168
477 4612
5331 7829
6076 2585
3454 7764
4930 943
1494 7826
6023 4072
9220 65
1234 1842
5779 2662
3400 347
9652 8837
4037 9521
7731 2461
7725 4463
6339 802
7317 3922
719 9876
5621 4598
1310 3500
3471 5615
1473 7826
5008 4364
184 3618
9925 9072
2202 1177
2764 3906
4960 8182
319 9014
1603 3713
9310 4892
6246 2214
1786 360
5921 2124
2401 6226
7269 4056
1521 8434
2591 8126
2997 447
3895 854
3942 2424
8431 4687
8428 9140
6115 6822
627 2944
9816 68
513 9999
4224 5808
2532 4471
8079 206
443 4317
8626 1394
8258 799
6557 6082
2379 7641
2187 8217
5003 2435
3989 4533
779 2159
274 7398
9562 1078
3505 719
1633 1684
5705 7950
6550 1579
3480 5200
7548 2832
5126 7516
5866 6404
6191 2354
4773 1570
4349 2555
1412 8739
3397 2917
7310 1759
4691 4089
9542 3590
9079 9592
6078 3142
6711 7153
