544
77
1451 68
331 1936
1527 1798
942 1769
1090 145
449 767
1781 64
248 136
1321 489
522 1556
281 922
560 1725
1623 870
513 1839
242 1309
1209 1192
1538 1275
618 622
166 820
726 1934
416 224
366 718
264 1905
1353 331
1752 229
1606 629
1388 511
1364 1322
979 737
110 1234
1290 1589
819 497
154 414
1691 1603
270 492
174 1123
1202 1899
1519 127
1224 1046
1670 1599
1673 1229
694 1241
1994 725
215 568
1639 1176
890 1472
187 1679
751 1620
865 1396
1362 94
1843 1306
355 387
1046 612
619 1800
745 421
1290 819
978 1326
1851 1988
1781 1629
1242 1898
880 1741
573 477
1440 1440
1972 322
1693 1358
707 1147
430 1455
1157 1818
1731 496
1511 1986
1306 1162
1529 1791
459 1636
1867 1992
1058 1596
467 256
30 1356
