65
899
84 60
73 171
181 110
45 200
77 115
45 178
5 70
27 84
40 121
50 150
98 27
133 169
23 85
153 158
166 30
185 48
173 26
117 148
153 114
198 68
38 100
99 191
177 62
156 108
10 120
92 127
179 128
9 86
102 100
138 185
30 73
10 193
153 8
105 28
162 151
83 24
186 182
198 119
128 80
12 43
180 187
197 117
137 49
197 110
78 87
26 100
173 184
81 56
58 64
13 106
8 196
124 90
159 171
55 18
29 194
141 182
30 153
18 142
162 108
171 94
66 186
107 114
111 101
45 13
32 140
112 99
108 193
47 60
149 66
135 91
169 112
59 159
136 101
11 6
28 77
148 142
157 27
38 112
137 5
44 135
24 125
86 157
20 14
114 11
27 152
200 75
130 108
118 18
158 188
90 11
100 135
9 55
111 182
104 169
99 40
30 127
154 69
1 122
114 192
125 76
27 150
200 23
149 60
11 62
165 27
128 80
18 113
112 67
189 66
185 192
86 44
2 93
132 73
68 133
77 9
84 78
65 107
86 40
61 143
102 27
68 110
135 50
3 179
131 33
194 96
22 63
25 19
21 40
32 120
132 139
75 105
105 32
104 189
134 88
94 2
182 165
180 9
82 153
200 10
196 19
138 104
95 191
45 78
41 57
72 50
18 14
82 145
34 110
149 89
36 89
169 46
117 78
183 152
3 60
161 190
115 177
97 34
181 125
191 80
71 44
147 182
35 54
3 138
161 61
148 76
70 156
94 155
68 7
172 160
119 123
115 33
165 35
155 60
11 184
146 169
134 144
18 162
19 186
50 115
138 131
165 38
102 105
167 63
183 32
13 68
88 112
190 37
100 62
127 127
18 20
158 22
88 85
60 121
200 67
146 109
161 156
107 127
39 183
160 122
77 132
81 59
122 192
166 129
30 8
29 12
6 32
13 27
74 138
128 2
51 181
49 103
1 145
133 130
181 105
60 184
27 52
76 108
26 136
192 148
7 166
138 64
129 32
44 87
69 10
102 27
137 156
68 8
112 55
151 33
119 121
88 169
175 192
192 70
73 46
24 114
68 195
185 116
109 74
101 95
124 127
116 106
74 26
197 79
139 146
117 140
110 8
85 54
109 101
125 194
170 188
111 112
150 68
186 46
144 26
97 15
73 45
128 161
46 168
111 173
122 87
97 2
52 55
45 100
170 198
182 64
181 141
19 48
101 40
31 57
87 76
64 8
107 193
94 7
112 61
60 96
150 73
99 188
184 59
154 39
173 35
184 29
98 1
39 126
64 83
198 132
128 92
39 38
10 156
194 9
81 10
60 134
17 1
96 99
19 76
72 96
181 63
39 1
134 54
199 33
114 199
62 132
6 120
137 12
40 91
157 170
89 96
24 194
68 139
121 116
8 195
189 166
109 159
143 28
86 3
55 176
19 119
57 91
169 186
143 99
190 53
68 166
107 24
87 179
64 149
14 166
12 97
157 192
163 68
148 84
123 130
39 71
73 142
187 62
152 47
89 16
69 118
51 41
73 179
18 92
117 80
170 55
53 184
4 112
161 153
116 89
142 176
174 148
195 144
183 77
164 119
92 85
110 124
86 14
124 64
24 189
47 136
81 161
106 142
108 141
136 59
76 23
21 72
76 99
75 109
137 28
173 126
38 148
61 149
162 111
174 131
38 198
66 1
172 82
115 104
189 182
91 36
31 117
90 195
193 32
147 126
60 59
181 102
132 184
62 85
177 42
85 62
72 19
7 127
174 63
180 97
184 178
8 118
102 29
85 90
91 168
107 197
193 156
68 71
178 25
164 96
172 24
57 27
134 124
85 134
22 98
136 78
83 1
54 168
82 93
2 62
119 51
142 31
113 87
161 104
26 148
65 137
40 189
153 69
3 120
42 63
177 195
121 16
92 83
104 183
77 115
167 54
182 86
6 21
111 197
25 46
114 58
173 44
18 77
136 7
131 56
45 60
162 164
31 49
22 18
18 128
53 63
118 34
191 11
99 181
98 152
85 145
171 145
94 89
105 12
32 122
112 21
179 10
91 141
153 181
185 31
34 108
3 109
180 147
190 126
37 172
166 165
110 18
29 156
152 99
104 132
93 56
132 176
103 59
62 189
126 19
59 160
106 2
53 17
184 162
23 160
165 123
1 79
197 32
34 166
188 7
113 87
80 109
34 152
57 176
42 47
5 110
186 172
62 15
54 87
30 146
67 153
80 110
2 20
151 76
66 133
69 23
30 87
61 140
75 186
56 164
132 64
102 80
153 29
160 177
91 112
101 102
128 61
115 180
18 135
31 11
66 17
154 28
62 66
1 17
113 74
159 31
160 8
39 195
63 6
182 45
12 70
171 193
135 88
195 179
171 93
64 155
149 116
154 71
33 35
123 29
43 100
160 143
85 101
69 99
82 47
189 154
106 135
132 168
27 71
185 65
62 63
27 160
59 85
116 21
63 69
113 87
34 32
112 12
163 127
22 97
163 19
96 79
190 178
182 96
71 24
88 102
4 195
56 157
56 13
161 107
136 99
94 89
83 165
26 89
175 195
5 82
38 146
153 188
64 85
147 181
119 151
58 97
46 128
186 61
43 197
172 49
29 84
17 56
101 39
55 64
64 77
96 24
175 79
84 172
161 69
79 179
80 157
194 42
116 107
15 85
75 140
199 39
13 136
143 147
53 196
25 134
188 164
90 91
80 83
31 103
7 93
13 4
89 108
133 81
90 158
172 58
120 152
167 187
185 6
171 1
8 195
53 127
102 139
120 137
25 170
24 173
112 171
82 73
120 190
7 58
185 99
195 96
72 10
198 171
9 171
99 127
2 84
140 101
98 137
13 50
135 126
141 178
190 86
73 25
83 159
14 15
37 105
14 88
64 160
190 168
27 196
3 193
150 175
117 100
36 91
148 54
188 11
42 169
175 28
125 78
72 2
105 114
53 11
110 37
195 19
73 20
26 184
148 90
33 105
167 174
67 54
80 59
133 45
69 183
40 27
53 102
91 149
3 94
130 26
131 66
2 165
147 83
14 82
155 154
174 31
101 38
163 192
41 196
115 171
45 64
182 88
137 42
80 196
156 77
70 87
198 92
5 21
8 105
132 31
22 136
123 98
29 31
33 146
155 93
164 26
81 118
68 107
162 193
137 139
16 115
75 109
2 90
193 166
126 116
35 80
20 62
125 57
35 110
25 67
118 62
106 60
160 84
174 88
108 177
169 47
89 130
49 134
141 88
139 2
13 72
186 7
65 130
49 35
20 142
86 122
139 17
126 47
91 83
161 72
62 6
84 84
98 63
154 170
33 137
111 191
159 44
168 177
88 142
72 134
97 170
135 197
117 181
162 131
186 19
198 58
16 49
58 40
166 175
146 79
195 165
77 79
147 75
54 157
149 93
74 136
23 69
102 148
88 3
69 162
164 46
111 177
94 107
54 192
84 58
15 76
40 72
42 133
173 181
16 182
143 94
146 107
75 169
35 158
99 137
14 58
55 163
145 80
21 187
171 61
189 102
164 85
151 32
49 186
183 58
94 124
200 7
104 31
20 15
131 131
60 128
34 181
114 22
91 80
53 191
15 182
13 200
73 199
167 99
151 128
121 59
182 78
10 177
83 140
92 173
87 20
181 4
115 86
183 38
61 124
192 104
190 137
23 118
81 31
6 25
187 58
68 39
128 148
82 57
57 60
144 121
51 173
98 58
61 36
6 107
96 168
9 193
133 8
151 116
97 111
45 147
64 22
121 132
185 7
71 186
96 84
146 55
126 145
167 19
102 131
165 128
150 117
170 126
58 64
128 129
124 39
121 94
47 74
173 64
35 115
160 17
171 130
172 8
83 74
161 121
39 121
98 41
78 171
150 2
24 136
22 183
54 71
117 73
47 36
29 5
103 77
80 100
162 111
177 134
29 121
23 66
187 133
6 121
84 43
71 125
199 63
42 149
138 14
185 51
19 108
140 93
138 94
88 160
85 172
63 154
176 41
85 9
190 31
132 196
42 2
186 25
162 152
135 148
107 165
137 122
23 24
96 171
124 78
171 161
161 22
