500
17 46 20 17
21 42 22 8
12 2 23 7
2 44 12 41
1 16 8 31
14 13 16 10
8 7 11 15
1 40 12 34
7 50 18 34
3 5 7 0
10 13 16 1
4 3 21 45
8 9 10 42
4 30 5 34
0 55 1 0
6 38 18 24
1 21 2 57
2 55 3 30
3 0 21 20
5 39 18 51
0 59 9 7
7 51 16 5
12 15 14 33
1 22 16 54
3 21 10 25
0 20 8 47
3 47 5 14
0 12 3 20
11 40 12 25
14 34 18 46
8 7 18 50
12 54 14 58
7 16 10 27
1 16 15 34
0 3 7 8
14 54 16 31
8 14 13 29
0 49 1 42
4 7 13 35
0 44 3 57
3 12 4 11
0 55 8 8
11 14 12 29
0 37 1 30
5 55 10 14
4 15 5 40
0 4 22 51
4 43 17 17
21 3 23 12
1 17 18 21
7 9 12 25
5 29 21 41
3 57 12 33
13 3 16 9
0 44 23 22
4 30 6 22
1 43 2 2
0 54 7 36
19 5 23 42
6 35 13 29
14 22 18 29
5 7 8 4
11 17 14 21
6 27 19 35
1 18 22 54
1 51 13 54
0 52 12 42
9 13 17 34
6 1 14 3
4 42 6 46
0 25 12 48
0 9 8 29
0 55 3 44
7 42 21 46
0 24 5 9
8 24 17 19
4 42 22 27
9 44 10 43
0 14 16 46
10 0 13 36
3 42 9 7
5 44 15 29
2 20 16 44
11 49 12 33
7 21 11 40
0 49 4 6
1 46 12 32
0 40 1 43
18 7 23 36
7 30 11 18
0 27 22 2
7 30 12 39
11 6 13 18
9 41 12 23
4 27 14 25
7 45 21 30
2 6 22 3
0 35 16 54
1 3 7 52
2 13 15 34
4 49 12 23
6 8 17 20
8 16 16 50
0 7 2 46
21 27 23 23
7 34 16 41
0 43 2 22
1 13 22 5
0 6 1 20
1 14 4 6
5 41 8 50
9 18 22 11
0 10 1 36
5 9 9 26
12 55 17 3
8 25 17 1
1 37 16 36
2 43 13 44
10 46 14 14
9 31 17 48
0 59 1 24
2 7 4 41
1 27 10 12
0 3 1 26
1 2 5 53
2 0 4 40
3 11 4 22
0 28 5 34
2 22 4 0
6 3 8 8
7 51 14 52
0 6 2 7
2 21 7 27
8 43 17 38
6 20 9 53
0 18 1 25
6 0 7 22
7 15 15 32
0 59 21 4
10 14 16 16
1 19 6 11
1 21 3 47
11 41 12 16
7 42 19 31
1 31 4 54
1 22 7 0
14 27 23 52
15 15 18 7
0 6 2 37
4 55 12 35
5 58 14 26
16 14 22 59
9 40 17 32
3 28 10 10
10 27 19 39
12 9 16 33
3 31 18 28
0 55 10 17
4 51 7 8
8 40 9 7
22 12 23 47
7 33 22 14
0 39 2 45
0 48 2 57
1 51 15 41
3 27 6 46
0 44 7 9
3 38 4 8
3 10 5 51
0 45 3 1
2 20 12 28
7 8 16 45
4 57 9 7
13 14 16 9
1 54 21 14
14 6 22 21
10 13 21 9
16 17 19 51
8 12 17 13
5 21 17 9
12 24 16 35
0 15 7 27
9 47 10 34
3 31 9 7
1 39 5 9
15 35 21 39
1 45 17 27
17 27 22 38
7 10 20 12
0 36 4 3
5 37 7 2
13 25 19 1
4 11 14 30
8 32 16 53
2 1 4 43
6 59 23 40
0 46 4 3
0 20 1 6
7 10 10 42
8 11 20 32
3 16 8 49
4 5 13 47
7 10 9 44
5 43 20 58
3 20 18 16
0 35 1 52
4 36 11 49
5 11 22 15
1 44 19 29
6 0 12 31
16 42 17 12
11 33 20 53
1 43 4 54
10 37 15 52
0 54 12 36
7 24 8 47
21 14 22 31
1 19 4 41
18 51 20 39
1 11 9 16
2 9 3 13
0 38 4 31
2 15 11 10
3 14 9 0
2 38 3 34
6 16 7 46
5 12 18 58
0 43 1 0
9 25 15 51
4 14 6 20
7 53 9 52
1 37 18 21
13 48 16 31
10 49 11 13
9 9 19 5
1 11 13 32
10 56 23 45
8 25 23 44
2 11 7 14
3 10 19 59
0 32 6 10
8 16 9 48
8 13 14 59
1 37 13 1
2 40 5 34
6 59 13 38
0 17 18 35
0 51 12 45
4 55 13 38
5 39 17 56
19 10 20 29
2 8 9 19
13 6 23 48
0 17 1 27
7 55 13 35
2 21 12 24
15 3 20 0
8 37 11 31
1 35 13 42
0 56 1 25
14 18 22 3
11 1 18 6
5 17 14 43
1 9 5 19
0 57 5 7
2 6 7 25
7 24 17 43
3 21 11 19
7 5 18 52
5 36 18 24
4 3 23 39
10 41 13 15
0 57 22 20
5 58 20 13
2 10 16 48
16 39 18 11
0 25 10 51
10 7 15 9
0 45 14 58
0 30 21 27
3 8 8 54
5 29 19 4
14 7 17 0
4 14 5 14
8 19 16 3
11 8 18 32
8 7 12 37
2 33 21 13
2 52 3 54
1 19 4 58
4 44 6 51
2 26 4 39
5 52 10 57
6 33 11 14
0 46 1 19
7 17 12 46
8 27 14 52
1 48 15 38
0 29 5 34
9 7 15 48
2 14 9 36
2 9 18 26
0 44 12 9
3 49 20 32
1 28 3 7
3 4 4 36
6 11 7 41
12 25 13 5
3 35 21 1
8 7 14 21
0 26 6 43
9 35 19 47
0 6 1 11
0 39 2 46
7 56 20 31
5 16 7 47
3 10 6 59
6 13 9 11
11 17 15 20
0 46 18 54
6 19 22 26
8 22 19 21
2 2 11 45
1 17 21 34
4 27 11 39
0 50 1 7
5 51 7 0
0 22 9 42
16 22 21 45
1 55 13 47
16 47 21 59
10 10 23 49
2 37 5 21
1 46 15 37
4 30 22 49
0 23 1 35
4 15 21 39
12 36 17 28
10 17 11 52
4 52 20 13
3 30 13 56
3 37 19 46
7 1 20 8
16 45 22 12
4 26 5 46
13 3 14 32
4 19 11 8
5 12 22 33
7 5 8 53
10 23 20 18
0 47 8 56
3 56 12 13
5 51 15 58
8 38 14 46
17 52 21 36
17 9 19 30
0 30 17 27
2 36 4 40
1 50 3 51
1 56 3 35
0 18 1 4
12 11 23 34
16 42 19 8
3 42 4 51
2 57 7 59
0 36 17 21
5 45 13 5
5 17 17 58
3 55 20 4
8 8 18 29
0 16 19 31
0 57 1 25
0 31 1 0
6 51 12 4
5 36 6 11
3 3 22 25
6 26 8 45
0 40 7 19
0 22 7 2
1 5 2 16
3 34 16 51
8 38 13 34
9 55 14 37
6 58 12 45
4 3 12 23
21 7 22 35
10 32 13 28
2 6 6 19
4 23 20 19
1 59 3 27
2 14 4 54
5 11 9 9
4 42 10 56
4 36 14 22
0 38 6 58
2 31 14 38
11 26 21 45
5 15 8 34
7 1 18 54
11 28 22 34
7 56 8 29
8 57 9 19
7 16 17 51
6 34 18 19
2 4 3 13
1 27 2 55
9 44 14 3
2 19 3 12
17 27 23 25
1 21 5 23
0 38 1 17
0 34 18 31
0 55 13 2
3 57 10 23
2 20 9 18
1 34 8 14
0 9 7 58
1 32 3 38
3 33 17 25
2 3 22 37
2 25 21 25
7 51 8 58
0 19 2 30
3 47 5 1
5 56 15 20
4 3 19 59
1 59 5 49
1 34 6 47
8 32 9 57
2 0 12 48
6 34 11 21
0 53 1 52
0 30 1 12
2 40 13 38
4 49 12 57
0 33 1 29
0 30 10 43
11 23 14 59
1 50 2 3
2 27 14 8
13 6 19 46
6 0 8 48
15 40 22 4
0 45 1 4
3 38 15 42
2 58 13 42
5 9 16 21
2 55 10 16
1 35 14 49
0 3 5 25
5 10 10 47
16 50 19 8
0 12 2 59
0 4 2 11
11 29 21 35
18 40 21 53
7 19 18 42
7 22 12 12
0 9 2 53
15 45 18 0
16 35 17 42
7 25 21 42
0 48 1 52
2 18 9 26
1 5 7 12
1 23 5 6
3 20 12 51
0 48 4 33
2 25 5 54
0 41 14 48
14 16 20 9
1 33 21 48
2 33 5 4
9 36 16 50
15 34 17 37
4 33 11 30
2 53 6 0
7 48 21 53
0 4 13 57
7 41 16 27
18 51 19 6
15 23 20 45
0 5 1 46
13 22 21 20
7 3 12 11
0 22 9 28
11 15 21 37
2 2 19 22
1 19 2 1
4 42 11 27
5 32 11 15
9 45 19 2
5 3 6 0
1 39 19 58
11 23 20 16
4 48 6 10
0 17 2 53
1 51 3 23
2 11 9 55
5 25 13 21
